
6210
 1277  2589  3110 17215





    82   728   857  1067  2487  2943  3078  3088  3437  3662  3929  4488  4870
  5543  5570  5571  5604  6038  6039  6048  6245  6898  7184  8386  8460  8612
 10408 12135 12141 12600 13082 13220 13563 13591 13666 13685 13711 14548 15133
 15685 15687 15801 16374 16494 16580 16948 17202 17279 17323
15133
    77   811  1745  3594  3595  5588  5605  6449  7104  7105  7110  7199  8405
  9437  9803 10821 10864 11210 12275 12858 13663 14357 16021 16022 16380 16390
 16391 16900 17121 17234
    255   992  1779  2307  2382  2746  2776  2842  2859  2862  2871  2897  2898
   3247  3561  3594  3595  3716  3952  4141  4146  4150  4480  4634  4777  5253
   5255  5423  5428  5434  5437  5438  5623  5893  5944  6471  6785  6926  6941
   7280  7310  7318  7324  7350  7365  7386  7717  8074  8424  8518  8809  8810
   8819  8825  8833  8837  9280  9296  9332  9603  9627  9992 11445 11649 12429
  12717 12811 12997 13200 13327 13660 13663 13878 13879 13892 14372 14400 14401
  14481 14681 15560 15838 15991 16019 16020 16021 16022 16031 16115 16198 16252
  16256 16259 16371 16380 16386 16387 16388 16390 16391 16395 16796 17421
    51  2567  2569  3448  3457  5055  6099  6101 13528 14287 17035

 1897  6094 13885 15386

   718  3963  3964  5924  6419  6981 16696 16895 17110 17703



  943 13772


 1442  7219 13262 13357 16775
 2605  2640  2655  7185  7517  9736 16591 16592
   28  1951  1957 16835



 1307  1798  5512 13379





13547 17107
 135 1732

      3    53    67   184   338   397   592   636   759   855   889   890   967
    978  1364  1419  1482  1483  1517  1553  1583  1585  1602  1635  1642  1643
   1646  1729  1876  2026  2189  2230  2231  2235  2236  2242  2244  2521  2564
   2575  2698  2743  3001  3147  3148  3149  3789  3816  4496  4524  4539  4546
   4566  4624  4848  5022  6117  6118  6684  6851  6854  6856  7064  7112  7190
   7608  7737  7976  8125  8241  8313  8342  8422  8425  8537  8692  8769  8875
   8877  8883  8952  8953  9010  9021  9112  9133  9169  9204  9238  9586  9589
   9592  9751  9758  9845  9869 10128 10208 10235 10248 10262 10303 10305 10440
 10473 10679 10696 10841 10902 10916 10922 10932 10937 11193 11214 11316 11391
 11470 11488 11873 11877 12043 12044 12046 12048 12067 12125 12293 12318 12349
 12415 12557 12645 12668 12670 12671 12780 12782 12989 12993 13145 13299 13358
 13360 13362 13390 13505 13507 13520 13566 13613 13765 13942 13969 13971 14062
 14119 14121 14269 14308 14340 14399 14410 14447 14477 14482 14510 14529 14621
 14665 14731 14754 14825 14842 14905 14917 14930 14946 14952 15280 15420 15446
 15467 15691 15701 15745 16187 16423 16507 16524 16597 16603 16725 16844 16866
 16888 16894 16904 17013 17061 17188 17194 17323 17406 17627 17641 17663 17670
 17683 17772 17774 17808
2502 3054 3534


