   126   230   285   299   574   600   603   604   678   681   718   895   975
  1284  1421  1438  1469  1494  1502  1613  1623  1674  1724  1751  1753  2022
  2248  2249  2273  2274  2490  2819  2821  2847  2864  2881  2887  3064  3066
  3111  3112  3113  3127  3157  3162  3163  3307  3398  3399  3900  3901  3904
  3925  3967  3977  3990  3991  4109  4191  4540  4661  4746  4800  4842  4860
  4972  5131  5319  5569  5602  5646  5653  5709  5736  5737  5741  5746  5747
  5832  5944  5949  6002  6020  6357  6456  6458  6537  6547  6677  6701  6702
  6708  6713  6714  6756  6759  6828  6839  6849  6850  6851  7023  7031  7132
  7137  7163  7164  7194  7239  7252  7267  7297  7369  7373  7465  7471  7544
  7850  7876  7886  8011  8012  8015  8053  8109  8111  8120  8135  8137  8141
  8154  8162  8192  8195  8201  8218  8226  8232  8242  8278  8323  8339  8378
  8390  8405  8437  8451  8484  8488  8494  8496  8502  8506  8509  8510  8552
  8570  8586  8587  8590  8591  8601  8603  8604  8622  8626  8628  8634  8636
  8646  8656  8746  8748  8795  8801  8853  8868  8870  8877  8878  8880  8883
  8890  8943  8954  8958  8992  9012  9023  9067  9185  9211  9250  9284  9299
  9309  9319  9410  9427  9438  9444  9446  9448  9450  9454  9456  9458  9460
  9462  9464  9470  9488  9498  9543  9560  9569  9573  9586  9590  9621  9717
  9762  9763  9764  9768  9769  9772  9790  9797  9805  9807  9813  9821  9824
  9853  9874  9929  9931  9958  9962  9965  9978  9985 10002 10034 10039 10041
 10042 10173 10200 10207 10223 10295 10300 10302 10304 10320 10341 10343 10355
 10440 10465 10488 10516 10523 10529 10562 10564 10568 10570 10576 10636 10673
 10678 10694 10732 10734 10744 10752 10794 10829 10830 10900 10902 10918 10921
 10923 10954 10966 10970 10972 10978 11063 11090 11092 11102 11138 11167 11183
 11199 11202 11211 11222 11230 11269 11273 11302 11319 11321 11322 11325 11326
 11332 11338 11362 11366 11381 11406 11431 11433 11447 11524 11544 11546 11616
 11618 11624 11642 11669 11670 11710 11733 11735 11747 11752 11760 11770 11774
 11780 11832 11836 11907 11908 11915 11932 11945 11947 11952 11982 12005 12081
 12085 12107 12122 12137 12152 12156 12158 12160 12162 12166 12178 12180 12183
 12197 12201 12213 12237 12258 12262 12272 12274 12277 12284 12286 12289 12290
 12306 12332 12333 12360 12396 12398 12416 12577 12603 12608 12642 12644 12660
 12669 12673 12679 12700 12725 12776 12792 12808 12884 12887 12942 12948 12960
 12997 13002 13004 13099 13108 13122 13123 13124 13162 13176 13225 13354 13359
 13408 13435 13449 13591 13702 13722 13769 13785 13794 13796 13865 13935 13996
 14027 14103 14106 14108 14181 14316 14381 14410 14706 14768 14793 15647 15766
 15791 15824 15831 15946 15998 16064 16084 16095 16105 16106 16107 16326 16440
 16441 16444 16445 16468 16663 16687 16927 17021 17025 17029 17172 17247 17257
 17333 17500 17502 17516 17541 17553 17581 17585 17615 17712 17744 17755 17788
